5000
-624 -549 723
-649 -184 -393
-519 -545 580
-241 -523 488
-193 -442 617
-733 -81 -473
-712 -400 -408
-731 -196 -794
-278 -537 572
-338 -314 698
130 -3 -382
328 -47 -446
130 -59 -258
-493 -306 864
144 -4 -318
-401 -603 783
-500 -419 683
-469 -458 -679
180 115 -586
-355 -284 -791
-699 -147 -393
-640 -572 648
-307 -141 -733
502 -69 -586
422 257 -531
-447 -213 -333
-320 -418 724
182 -28 -301
424 -140 -556
-465 -732 871
180 10 -385
-501 -360 603
-732 -52 -430
412 191 -224
-266 -312 609
-476 -390 671
562 -158 -531
-296 -487 467
398 252 -306
144 241 -569
204 162 -388
440 269 -168
485 34 -383
-311 -392 -531
418 281 -393
-436 -392 -779
-216 -538 635
-239 -708 763
-278 -379 -624
-434 -358 535
-506 -448 513
-445 -360 613
-582 -119 -516
203 226 -216
-439 -599 527
-641 -222 -751
-588 -260 -553
-284 -438 790
550 146 -504
-326 -157 -428
-649 -442 -553
-505 -351 898
184 -62 -271
-422 -482 682
520 241 -279
264 25 -565
-624 -410 -735
-296 -380 -781
-563 -452 712
526 -65 -476
-552 -321 -469
424 -33 -469
-336 -430 -773
-326 -432 735
-383 -339 -442
-721 -392 -790
590 455 405
310 41 -456
-581 -361 765
-338 -109 -765
393 216 -519
524 -28 -472
-648 -691 659
405 105 -204
501 -17 -238
366 -38 -366
-413 -625 479
-284 -633 833
-444 -728 824
-707 -482 -512
447 -119 -240
-332 -490 454
-269 -290 696
456 87 -483
412 -11 -539
-437 -368 637
-338 -420 882
-143 -404 -527
-496 -76 -690
-614 -346 445
196 160 -602
-437 -381 830
-336 -714 547
-546 -375 485
-232 -633 788
-558 -477 610
-461 -305 -571
606 692 406
-363 -456 776
-630 -288 -595
229 150 -334
-452 -498 -338
292 197 -404
-462 -314 652
488 -136 -250
-604 -94 -614
280 -29 -607
-485 -248 -758
-318 -180 -478
-534 -735 706
-474 -303 -604
-302 -250 -386
-280 317 498
-730 -246 -798
169 260 -389
-209 -549 616
-635 -654 862
-418 -339 -636
-340 -363 783
123 259 -248
526 -101 -232
-399 -156 -649
251 27 -492
213 -22 -500
323 -41 -326
-529 -394 -597
-690 -112 -412
-194 -659 445
-548 -339 581
-576 -655 804
-492 -173 -789
313 61 -485
-680 -54 -346
-587 -316 733
-347 -129 -638
-290 -109 -502
-316 -659 858
-398 -169 -488
-652 -557 770
315 17 -500
558 173 -455
393 -106 -438
-240 -672 896
122 300 -293
156 -56 -389
-324 -483 -522
-301 -475 -458
-409 -529 774
-377 -464 -722
366 186 -410
-447 -178 -596
537 -61 -230
-548 -302 654
-701 -393 -607
-507 -399 -426
-233 -296 684
538 -9 -330
-416 -561 842
268 290 -220
-472 -434 618
-241 -529 516
562 9 -295
-617 -215 -741
-572 -279 -525
-201 -503 868
-376 -276 -427
-521 -502 726
526 61 -356
-400 -359 643
284 71 -579
-242 -653 805
-578 -253 -767
-384 -411 713
-471 -351 -791
-475 -457 616
199 190 -338
-377 -379 674
130 -62 -547
-545 -477 743
212 114 -496
-305 -460 -558
-565 -583 496
-564 -254 -431
-306 -230 -764
421 48 -497
373 208 -582
-320 -452 699
-626 -467 684
-601 -585 473
135 -57 -282
237 98 -172
-578 -376 569
-450 -131 -543
-569 -483 729
-527 -344 -474
290 -698 -98
-470 -224 -423
-493 -196 -750
-721 -274 -384
-300 -63 -602
-601 -312 -603
-607 -472 -495
-652 -381 868
-331 -678 605
-574 -356 -531
-284 -280 448
-517 -489 582
597 -472 -551
264 175 -619
312 197 -310
-450 -380 818
479 132 -407
-481 -702 760
-717 -390 -445
-300 -485 612
-515 -401 -638
-554 -313 596
265 21 -338
-694 -116 -730
-513 335 557
371 -113 -193
162 144 -488
246 177 -272
477 -108 -181
362 -55 -456
-413 -330 798
478 283 -273
235 -9 -245
-598 -208 -754
274 -17 -166
268 -106 -239
289 178 -404
-653 -232 -395
365 201 -468
-527 -312 -394
453 169 -241
485 53 -290
246 288 -247
-591 -334 -796
-550 -385 -440
286 -3 -603
-461 -491 -794
-283 -131 -677
-306 -466 -541
-457 -511 560
404 -155 -477
-392 -319 -574
-424 -505 722
-324 -472 -643
-352 -669 578
-294 -546 796
-229 -328 -634
481 188 -233
193 291 -368
-352 -92 -520
-508 -356 -629
288 -16 -218
-596 -217 -693
-453 -281 -671
-449 -302 879
-270 -601 548
-617 -676 471
-551 -285 -358
165 -117 -182
-506 -230 -334
151 -41 -558
-456 -116 -735
-215 -650 536
-742 -337 -616
-485 -400 -791
253 93 -356
-430 -649 736
-543 -464 -462
-534 -137 -560
410 57 -461
300 113 -382
-390 -370 -730
-445 -655 687
-513 -405 787
-632 -703 792
-477 -47 -371
418 -64 -416
-590 -338 -509
489 208 -579
-363 -184 -623
-305 -328 -507
-578 -264 -678
-500 -388 -461
-498 -460 909
-504 -410 604
342 146 -611
-620 -736 757
-494 -509 478
-68 654 384
-138 -22 177
-517 -140 -375
-541 -80 -728
310 -128 -433
322 182 -405
149 297 -201
-339 -464 -350
-469 -425 766
-622 -583 821
465 -132 -493
517 -106 -419
30 418 561
231 -28 -542
112 106 -574
166 294 -296
227 282 -413
-585 -575 775
-351 -685 540
-621 -316 805
-531 -474 557
314 192 -585
-560 -369 780
-547 -689 724
-571 -266 -715
-542 -306 -490
-420 -308 646
-344 -403 -527
-210 -446 860
379 236 -403
-279 -475 -625
-483 -383 -583
-357 -275 -480
-581 -505 -642
-207 -735 718
382 -71 -442
233 198 -384
338 265 -271
534 -119 -271
183 271 -605
529 220 -595
-448 -397 630
-279 -245 -476
506 194 -217
-308 -597 492
-348 -165 -542
-322 -529 869
-354 -398 574
369 -54 -473
308 71 -536
128 -84 -524
-553 -698 567
-731 -60 -366
-620 -274 842
-388 -374 -703
427 29 -422
311 202 -455
545 296 -628
209 -137 -198
445 81 -555
431 163 -278
-337 -354 724
261 -75 -197
-321 -419 -582
-436 -463 641
-370 -409 746
-335 -650 813
-550 -475 551
129 91 -258
-386 -113 -499
-282 -334 875
-617 -555 734
-289 -265 -405
-579 -195 -410
-311 -591 636
-619 -565 466
394 615 -94
-530 -231 -380
-670 323 -60
365 198 -391
418 168 -624
-303 -75 -709
-403 -425 624
-446 -620 773
-315 -175 -778
117 -56 -503
-640 -495 477
-169 -489 -167
-266 -607 740
135 -145 -469
361 107 -336
53 454 223
465 151 -565
-579 -97 -451
-455 -295 665
283 -111 -382
-736 -124 -407
228 498 639
-420 -377 898
-593 -81 -447
-538 -414 472
-725 -139 -654
210 -118 -444
-453 -367 808
-388 -96 -662
-207 -731 758
-555 -738 733
-525 -481 751
-669 -310 -746
505 -83 -283
-682 -394 -412
220 92 -491
-286 -424 -585
165 -159 -166
-371 -426 660
-307 -739 813
-473 -426 658
-282 -370 620
315 61 -299
401 4 -455
-677 -404 -680
490 14 -580
-573 -493 -355
-631 -646 500
284 -128 -512
-422 -373 -543
-662 -324 -766
-710 -149 -652
-359 -562 552
-367 -66 -495
-364 -467 -773
-682 -457 -503
513 17 -437
319 45 -580
-405 -53 -419
190 -82 -253
-366 255 681
213 186 -276
385 56 -343
-532 -293 -515
-609 -504 594
237 -109 -359
-222 -610 777
178 48 -324
-335 -255 -527
-668 -439 -409
-476 -489 -629
-567 -500 675
360 -122 -396
-578 -336 605
-554 -364 761
-224 -317 825
-458 -208 62
461 134 -318
-322 -527 792
380 45 -594
117 -27 -374
375 193 -503
-434 -447 -521
-502 -126 -664
303 159 -475
-286 -505 741
-192 -596 460
-330 -670 757
-294 -153 -796
328 -115 -195
-408 -415 -387
-223 -373 632
258 229 -211
-348 -448 -796
515 216 -181
-213 -660 452
-717 -58 -499
-358 -112 -494
184 -105 -546
179 263 -491
-270 -535 779
-742 -98 -475
406 243 -491
-547 -247 -372
-467 -98 -793
140 -31 -391
-477 -343 -467
-453 -497 -646
119 -42 -342
-207 -648 533
-417 -414 869
373 -127 -513
-682 -304 -382
-592 -617 696
-207 -387 895
-270 -602 795
218 12 -553
323 -21 -597
380 103 -312
-461 -291 -734
288 262 -467
-251 -621 497
536 -105 -503
-395 -462 -651
459 -134 -520
123 191 -170
-283 -177 -578
-399 -717 773
-476 -305 -543
-393 -364 -352
-508 -459 -679
355 67 -450
-485 -389 857
527 -59 -402
170 -526 -16
-479 -332 777
-575 -452 -377
-260 -466 790
-221 -364 854
509 254 -388
405 215 -532
459 153 -323
-526 -465 533
-711 -144 -474
-350 -405 -364
-224 -573 536
-438 -410 -533
-358 -437 573
-275 -582 585
-379 -298 632
187 277 -492
122 217 -529
-663 -49 -686
-599 -618 785
-197 -424 641
325 25 -359
-431 -384 500
386 259 -476
502 65 -194
385 307 -563
391 92 -610
-486 -469 605
-516 -472 482
407 38 -528
-595 -374 -355
-354 -355 754
-402 -368 -617
-478 -560 546
-337 -380 -710
-582 -692 593
-536 -326 587
-576 -600 528
-463 -592 541
-480 -551 477
-597 -291 -658
-336 -391 465
-380 -132 -527
-34 312 496
262 150 -425
48 -472 -398
-388 -328 -369
242 71 -254
-520 -342 -662
-353 -434 780
502 52 -295
-385 -386 845
285 234 -385
-401 -670 767
-357 -246 -449
176 132 -344
353 -47 -614
322 -106 -599
-365 -565 541
-484 -391 844
-643 -332 -763
-546 -489 862
-592 -259 -663
392 215 -364
-665 -308 -598
-517 -605 884
-467 -440 -484
-541 -343 788
151 24 -590
408 -51 -279
-386 -190 -669
-51 276 -338
-642 -547 642
667 144 -410
-438 -334 606
289 50 -357
-321 -536 701
159 564 120
-374 -205 -416
137 100 -305
385 249 -483
326 109 -422
575 -22 -288
-304 -187 -569
-579 -231 -711
344 70 -441
-470 -164 -362
248 -129 -554
-366 -371 850
-257 -293 500
257 52 -553
-325 -396 -685
488 117 -180
-492 -217 -631
-343 -611 570
-222 -632 577
-285 -284 614
-434 -604 552
-246 -564 595
-510 -469 798
-201 -287 556
-449 -550 899
-464 -127 -713
-539 -387 708
-532 -488 815
-253 -319 843
-322 -387 846
-456 -405 -495
-584 -440 -786
-571 -356 -729
-321 -401 -589
-611 -306 -509
191 304 -324
570 -55 -247
-638 -318 778
-728 -62 -453
-190 -415 193
393 240 -248
-520 -115 -706
-549 -308 -557
-283 -408 -698
551 252 -271
-284 -265 -625
316 214 -416
-197 -659 879
-476 -702 468
-200 -468 134
458 -154 -444
344 209 -518
-384 -470 -721
166 145 -539
-340 -644 452
-411 -105 -617
-487 -498 656
-344 -425 513
-367 -504 -513
-629 -468 828
-432 -317 -626
-415 275 -607
379 55 -569
411 175 -473
292 -93 -276
-507 -491 -649
-674 -136 -729
-335 -302 -794
-216 -721 611
-517 -278 -504
-699 -508 82
-448 -436 824
229 299 -431
-526 -70 -405
-480 -470 767
-673 -176 -765
-459 -274 -707
481 -155 -526
189 281 -492
-537 -425 674
-449 -422 -666
-191 -470 544
-349 -375 -658
-480 -359 -728
500 -102 -496
299 307 -549
572 177 -414
-431 -336 -511
-550 -501 -595
146 163 -198
549 136 -380
489 -34 -449
419 59 -558
-525 -443 739
238 115 -299
-529 -82 -620
-472 -259 -389
372 200 -396
370 12 282
-418 -336 -443
158 252 -249
-348 -430 -615
-526 -528 860
516 144 -560
-742 -164 -646
-437 -390 -429
-547 -258 -521
-464 -484 470
-617 -391 751
153 157 -409
315 215 -584
-527 -84 -489
-321 -630 585
-503 -452 697
-388 -547 866
-717 -198 -575
-394 -351 579
-268 -352 583
426 -4 -441
-305 -121 -708
-645 -307 -421
308 -131 -175
-507 -542 882
-534 -179 -558
-618 -682 826
317 -142 -538
148 186 -303
149 -11 -526
-636 -118 -368
-589 -283 500
251 -26 -589
-208 -592 635
-648 -302 -575
-332 -546 827
548 265 -547
-579 -428 -546
-582 -423 -489
-335 -677 455
-408 -394 852
-528 -463 -563
-264 -315 642
-641 -548 685
-721 -329 -427
228 53 -332
-431 -470 -564
-583 -256 -692
-525 -333 -401
-545 -317 -396
135 -14 -407
-486 -274 -662
213 279 -506
-310 -739 544
-677 -284 -713
520 -13 -428
-244 -313 766
-445 -637 503
-538 -623 638
-377 -73 -624
-534 -156 -630
-731 -69 -761
-625 -640 706
-742 -163 -564
310 -74 -194
-339 -203 -455
-416 -299 -395
430 -53 -407
-281 -253 -391
-656 -630 448
153 -80 -168
-322 -279 693
-562 -139 -342
252 171 -315
554 37 -271
456 129 -275
-555 -381 -681
494 -118 -590
-361 -251 -645
-408 -484 607
423 -535 277
515 -46 -373
-262 -720 783
159 267 -580
-450 -506 446
-578 -619 790
241 -54 -338
-448 -147 -481
-414 -671 584
-325 -286 -483
222 70 -190
-343 -567 630
266 -22 -474
221 76 -563
-660 -271 -445
-553 -289 474
-638 -384 -501
-554 -46 -428
-405 -610 584
126 105 -209
-470 -634 478
-318 -625 759
393 -19 -184
-341 -606 818
211 54 -231
186 294 -413
-450 -695 587
161 287 -255
-499 -126 -783
534 233 -616
-240 -695 725
-644 -495 -795
-369 -443 -773
-621 -590 706
128 138 -431
-292 -94 -693
442 -61 -405
377 -1 -407
-294 -281 729
-586 -333 -757
-519 -695 718
-419 -113 -574
193 -159 -328
-432 -438 -686
-603 -486 649
-532 -120 -398
-301 -448 -548
-326 -685 520
-709 -208 -506
-586 -442 627
493 -127 -279
-448 -299 535
-410 -302 774
-569 -404 540
-437 -249 -393
-438 -316 905
-579 -57 -448
-566 -318 466
510 276 -596
-347 -414 678
308 146 -193
289 -10 -450
297 307 -622
-388 -80 -750
-521 -472 -552
430 116 -604
-369 -284 -378
302 184 -551
171 188 -510
-281 -492 707
-582 -710 584
-475 -399 816
318 -128 -247
306 89 -599
-742 -441 -397
176 223 -607
-226 -635 653
-634 -64 -581
-425 -737 691
225 228 -177
-264 -322 749
-218 -722 536
-389 -129 -661
-527 -524 843
-382 -392 -582
535 37 -560
-382 -282 -386
286 226 -416
-449 -137 -772
-231 -464 787
-362 -348 750
516 25 -410
-345 -719 902
501 8 -549
480 237 -321
-622 -365 -405
504 -91 -561
-398 -386 -750
-575 -284 -760
446 -69 -627
-505 -398 -682
-525 -657 860
533 -55 -406
269 181 -412
-383 -410 -374
-707 -158 -543
-613 -644 488
-248 -553 608
-569 -47 -570
-640 -610 739
-587 -325 -483
361 292 -258
-364 -127 -707
169 58 -509
505 -31 -416
-363 -387 -531
-468 -136 -709
-234 -694 564
-637 -474 -422
-514 -476 -513
-618 -506 632
-520 -130 -769
-206 -558 523
-327 -165 -505
566 164 -439
-499 -59 -440
-283 -686 524
-400 -679 701
-391 -445 820
-217 -333 665
-438 -418 755
123 277 -304
234 81 -166
-699 -400 -615
-372 -338 -706
-535 -96 -507
29 -129 -541
-286 -162 -510
-709 -270 -620
462 101 -405
191 -62 -315
-655 -298 478
384 -54 -295
485 -94 -410
-323 -367 -438
-564 -312 847
-697 -427 -721
-369 -569 647
-302 -381 -527
-307 -558 876
279 -126 -373
-370 -119 -443
440 50 -544
-370 -212 -387
493 143 -473
-530 682 -287
-517 -681 833
306 -51 -612
260 -50 -356
-426 -235 -347
-639 -324 -557
-330 -734 837
367 192 -536
-272 -597 768
-723 -202 -480
-422 -131 -500
-290 -593 848
195 191 -498
-545 -394 877
-346 -636 458
490 -116 -535
242 94 -622
-471 -73 -792
182 253 -408
-190 -307 529
-492 -704 541
525 252 -202
-535 -299 -539
576 -151 -557
271 167 -567
-495 -118 -694
-331 -225 -514
-464 -426 875
-417 -591 627
575 -128 -185
-260 -473 812
137 197 -308
203 144 -549
-546 -257 -739
-311 -488 -400
-690 -325 -497
-305 -416 756
450 289 -509
-615 -473 490
-298 -102 -481
-610 -471 566
-528 -344 489
-394 -428 -570
-454 -353 636
529 161 -187
-239 -418 741
278 12 -474
-634 -593 888
265 171 -274
112 -21 -597
369 67 -598
-496 -143 -419
514 174 -617
-539 -375 640
-385 -340 -509
-197 -495 767
-616 -738 818
-493 -407 -734
346 -84 -347
261 29 -396
-233 -618 692
-358 -83 -643
-633 -437 873
-392 -380 -418
277 223 -313
315 127 -374
-285 -584 465
559 -112 -213
-428 -273 688
-344 -469 -604
-392 -337 -403
-522 -442 -361
-468 -108 -677
-365 -45 -521
197 -123 -450
524 262 -349
-543 -274 788
-724 -261 -764
-708 -267 -639
535 192 -361
-367 -398 555
-330 -333 -570
633 426 197
-298 -426 506
-313 -449 -739
-607 -398 -339
-585 -468 564
-490 -498 451
454 287 -360
-533 -377 -547
-446 -509 726
-348 -503 599
-463 -240 -516
341 161 -583
-650 -475 -549
278 169 -251
122 -159 -557
471 88 -392
277 -96 -357
-640 -334 -620
-251 -543 628
-541 -662 789
-412 -376 -409
478 113 -194
371 291 -166
-526 -255 -732
-321 -316 -727
379 -20 -225
-412 168 -646
-224 -292 839
-304 -158 -513
-558 -713 498
-277 -394 550
-554 -413 622
-249 -726 523
-409 -476 502
-472 -489 -598
-286 -92 -556
568 257 -339
-554 -122 -498
277 275 -403
247 103 -188
264 -42 -608
225 76 -498
-363 -376 -522
-571 -364 592
-437 -476 -382
375 -31 -527
-409 -116 -744
-276 -673 564
525 -30 -237
-514 -288 539
247 265 -539
-609 -241 -760
-339 -569 533
-246 -698 681
-434 -355 -617
468 5 -567
-392 -282 525
-303 -527 869
310 16 -173
328 75 -446
-591 -574 449
-324 -612 863
160 217 -170
-333 -400 749
-542 -483 575
301 185 -537
-423 -384 630
502 -340 -541
-439 -375 -694
438 184 -430
295 -63 -643
152 -109 -443
-605 -423 -547
268 227 -395
-699 -328 -473
544 -133 -343
-313 -467 659
348 -87 -264
-553 -208 -687
145 100 -572
486 127 -330
-459 -320 -593
-629 -346 665
303 244 -320
430 208 -185
-239 -280 767
378 205 -216
-543 -281 884
-219 -661 779
-643 -192 -743
227 300 -258
-514 -539 818
-416 -674 523
291 299 -282
-429 -276 476
187 105 -292
417 153 -165
-243 -275 567
-228 -485 778
-215 -565 555
-336 -428 -506
-576 -92 -679
190 -35 -298
513 -39 -366
-612 -329 715
-423 -237 -737
-607 -629 890
-390 -493 -449
-508 -485 723
-443 -466 -600
-605 -668 477
-394 -101 -645
-257 -447 489
-682 -427 -434
-489 -364 -373
539 136 -426
-339 -129 -459
-611 -450 815
260 108 -578
-565 -426 -363
-435 -311 626
-493 -417 -639
-481 -165 -478
309 -55 -345
-462 -550 799
565 -67 -553
433 96 -540
-538 -340 -567
-695 -186 -419
-576 -430 -440
-424 -49 -454
-447 -219 -457
-57 -178 -264
-577 -159 -450
-604 -366 501
-421 -627 749
288 48 -444
-205 -599 815
339 -75 -291
552 61 -507
-229 -479 518
-698 -448 -746
-342 -165 -751
-558 -297 751
125 -30 -180
-619 -349 -563
-365 -614 510
-606 -641 488
-512 -225 -690
428 -100 -219
132 -106 -319
-574 -292 -782
-509 -68 -491
-525 -509 880
-616 -95 -662
282 199 -349
-616 -563 844
-482 -282 845
380 142 -615
-619 -573 550
-624 -361 -544
-449 -726 702
-444 -94 -608
-387 -419 656
553 115 -533
-400 -482 -347
-638 -511 641
-655 -173 -634
533 32 -501
-240 -679 820
520 -137 -376
26 433 -647
-636 -119 -666
182 135 -218
50 638 -372
546 -92 -451
-333 -89 -597
306 74 -362
278 -51 -556
-476 -159 -447
545 119 -304
-728 -54 -561
-199 -689 818
-287 -267 -538
332 201 -544
407 5 -501
577 189 -550
533 -37 -243
-408 -205 -687
478 45 -407
-332 -357 808
-659 -332 -454
-629 -192 -699
419 30 -428
451 -62 -591
-525 -622 719
-492 -102 -755
-290 -111 -628
171 280 -550
-438 -638 890
-462 -672 705
376 85 -259
-206 -592 890
-499 -626 463
-429 -615 732
-461 -387 493
-216 -315 678
-366 -484 502
570 38 -273
-623 -710 504
-530 -82 -514
492 80 -365
-653 -188 -436
-462 -663 815
118 -21 -580
-404 -107 -435
-351 -492 897
-495 -571 874
342 136 -370
466 43 -292
-196 -279 750
286 269 -538
-388 -283 780
132 -22 -219
370 219 -370
-472 -344 894
-318 -53 -723
418 273 -460
-296 -445 815
-465 -413 556
-361 -90 -704
406 263 -477
-409 -408 -690
-552 -405 794
-673 -487 -630
-593 -53 -753
375 269 311
-628 -496 -750
-370 -309 -621
317 136 -229
-43 -280 213
-621 -728 547
-396 -265 -406
200 -96 -211
326 62 -488
-575 -526 678
-538 -502 662
131 -185 -638
-614 -500 -667
-598 -443 668
386 244 -288
-313 -57 -558
-627 -398 -473
221 121 -429
-541 -731 824
-632 -704 910
-556 -376 780
-347 -662 711
-726 -494 -484
-440 -356 652
198 278 -300
-716 -221 -721
132 162 -608
-603 -67 -546
142 253 -500
-456 -414 -341
-367 -491 765
-447 -419 -686
-643 -446 535
-388 -449 -792
-360 -87 -382
-541 -390 684
-300 -283 -578
-319 -411 -684
-338 -47 -481
-537 -403 737
-680 -146 -477
467 220 -379
457 218 -385
-491 -130 -340
-469 -196 -611
-217 -730 521
-319 -176 -350
-646 -310 861
-626 -491 -557
127 -109 -253
-668 -375 -339
-540 -468 728
162 159 -518
-395 -598 503
-474 -496 -765
-416 -636 505
-515 -50 -711
-359 -548 654
271 302 -554
-689 -387 -742
-521 -120 -407
-622 -446 789
341 -124 -326
-387 -646 798
-582 -425 473
314 -120 -390
277 -4 -628
-520 -293 -563
-578 -508 -712
460 39 -191
-372 -197 -354
509 222 -504
397 242 -474
464 111 -220
455 -109 -244
-289 -125 -337
-646 -377 608
255 -71 -449
508 140 -205
-740 -108 -598
-253 -395 658
217 207 -251
317 216 -399
-554 -644 693
-641 -139 -660
-361 -110 -568
-546 -318 537
344 228 -604
-530 -490 -557
-526 -315 -718
-238 -701 766
-433 -444 -689
477 25 -466
186 124 -577
-385 -226 -674
-640 -437 721
-711 -278 -780
-199 -630 601
-578 -427 799
-417 -315 793
-569 -328 486
-394 -189 -579
465 -45 -297
558 23 -339
-686 -357 -398
520 -90 -396
457 262 -255
261 -54 -581
-446 -220 -642
-387 -395 484
-332 -397 774
236 -29 -267
-242 -594 761
-608 -471 893
-391 -471 -616
-345 -192 -493
370 130 -375
-300 -397 744
471 -158 -505
-738 -320 -635
354 277 -389
-653 -217 -635
145 -55 -282
-324 -487 -506
-537 -440 -360
-394 -583 807
-689 -101 -784
-557 -149 -661
430 295 -528
-461 2 183
-306 327 -147
395 87 -192
-589 -184 -754
534 166 -345
179 509 -224
-342 -149 -633
-308 -721 484
130 -142 -175
215 62 -523
-546 -397 481
-539 -178 -692
-619 -304 -536
139 -91 -514
405 -156 -621
-690 -183 -694
283 -78 -243
-213 -518 803
190 -147 -565
114 -75 -169
254 159 -190
476 -25 -408
556 232 -564
-537 -458 790
-559 -99 -686
-291 -280 896
-374 -455 833
-317 -289 -467
-435 -209 -359
342 71 -517
458 196 620
-654 -286 -662
162 -145 -317
441 259 -531
358 142 -484
285 -129 -252
-421 -490 662
-512 -702 532
-516 -355 462
-707 -360 -585
180 11 -587
-460 -489 -483
-607 -382 -744
-454 -455 650
-325 307 -72
-514 -184 -690
-314 -105 -460
-631 -442 733
-273 -612 644
-661 -367 -679
482 225 -335
236 126 -357
519 71 -331
-698 -487 -417
439 102 -481
-495 -195 -692
-329 -204 -368
-358 -305 -596
-537 -449 803
-570 -48 -332
-489 -162 -542
159 -53 -221
-416 -154 -466
234 61 -267
-319 -584 800
-364 -478 569
-562 -475 -728
265 103 -351
-638 -610 502
-707 -390 -521
-296 -366 775
-325 -501 -584
-403 -221 -735
-431 -710 560
-704 -368 -356
-645 -355 534
-590 -406 899
503 193 -610
-422 -735 604
-275 -318 776
-519 -401 -380
-535 -323 666
488 71 -451
-400 -86 -757
155 214 -454
-468 -288 724
191 145 -377
574 -130 -229
-653 -74 -348
-419 -544 772
571 155 -206
293 -37 -579
-454 -554 501
-363 -423 894
519 -11 -276
-584 -498 852
-355 -290 827
136 114 -236
-432 -328 894
-202 -421 715
196 171 -175
162 7 -427
336 -99 -526
-317 -413 702
337 -5 -478
-707 -503 -735
365 99 -357
-259 -550 555
-439 -653 805
541 57 -364
-422 -376 507
-431 -314 -573
-367 -514 452
-625 -139 -706
-388 -424 -349
-684 -321 -668
-327 -104 -490
-495 -544 831
-357 -228 -591
-329 -263 -534
-384 -68 -482
183 -59 -166
-344 -197 -738
-387 -279 -494
-355 -54 -795
197 -7 -350
-350 -300 632
351 174 -349
-421 -690 654
276 134 -414
123 296 -515
-364 -445 -579
474 57 -206
-367 -273 -792
-205 -397 468
-443 -451 -482
-475 -655 863
-403 -391 599
383 -118 -540
-688 -246 -785
-476 -649 299
577 -15 -437
-460 -414 -707
-397 -354 -657
-313 -734 502
-350 -308 -393
-699 -423 -763
-352 -447 -611
-511 -496 -495
-412 -467 600
522 -80 -538
-480 -287 -558
-325 -352 -784
-431 -392 908
161 136 -568
-325 -116 -587
-579 -311 523
487 247 -251
367 203 -369
488 -22 -408
516 -11 -334
-566 -176 -487
262 180 -252
-707 -494 -378
179 -113 -462
-694 -314 -373
-682 -442 -604
234 508 269
459 -43 -421
496 75 -503
-346 -508 -652
-626 -400 -406
-541 -693 614
-480 -534 784
-585 -500 679
156 -74 -576
-389 -236 -733
401 -109 -624
482 -385 -89
522 -29 -199
281 89 -496
-482 -450 -782
-449 -732 694
-529 -616 539
-511 296 343
-347 -624 537
-611 -687 735
-535 -504 655
-676 -318 -790
165 -134 -392
-407 -407 -562
-496 -443 -356
480 45 95
437 261 -276
248 197 -208
-425 -376 -718
522 14 -204
-436 -353 761
-484 -319 539
528 302 -332
252 -133 -452
528 186 -185
-261 -629 751
-209 -671 777
47 562 46
-524 -475 641
162 30 -575
-480 -92 -637
-577 -345 -394
-463 -304 -565
-506 -312 -409
-331 -75 -596
-538 -464 869
-595 -335 868
230 34 -164
-405 -473 -344
-621 -240 -568
437 54 -568
-578 -323 -708
-479 272 84
-545 -90 -683
-528 -113 -743
557 218 -243
-715 -73 -653
-238 -623 630
-685 -204 -481
-424 -358 874
173 23 -585
-297 -413 711
-386 -323 -791
247 189 -545
-645 -318 465
-274 -690 870
-531 -455 -760
-453 -153 -367
-452 -449 577
-340 -701 849
-591 -387 -647
399 169 -417
-447 -379 617
274 178 -324
-350 -475 689
-601 -295 -456
-586 -375 735
508 35 -442
552 -22 -495
573 237 -409
207 -17 -539
-388 -494 -711
-566 -423 663
167 -141 -352
-544 -485 816
402 -77 -368
237 285 -181
300 97 -164
538 115 -522
-567 -486 -786
209 260 -509
-414 -594 -337
-662 -232 -521
-617 -374 499
-225 -506 883
-513 -277 879
-368 -307 666
-633 -605 664
491 48 -578
628 16 -468
562 258 -449
275 299 -357
-356 -276 -576
-622 -463 -341
256 72 -459
376 236 -466
-347 -620 780
-365 -589 701
111 56 -169
-552 -87 -409
-444 -245 -686
145 -99 -264
-629 -74 -686
573 205 -538
-638 -261 -425
543 160 -615
-654 -476 -743
-480 -419 590
471 -76 -562
618 -137 330
-223 -619 725
-355 -141 -561
-610 -379 -694
656 -408 -659
-637 -662 517
537 285 -590
-647 -619 789
-348 -494 -556
-278 -232 -416
-615 -571 682
-348 -557 756
-268 -518 674
-316 -664 590
-509 -508 561
-308 -592 498
146 271 -537
-652 -71 -735
-406 -486 844
132 155 -282
454 -3 -297
-649 -322 -500
-640 -46 -369
-495 -602 796
-594 -281 529
-331 -364 757
-213 -673 829
-717 -145 -486
167 286 -554
-540 -424 -692
-420 -420 -543
463 -3 -512
381 165 -501
-660 -257 -372
225 104 -243
-455 -564 467
-349 -275 642
-500 -275 559
-309 -542 881
-420 -601 821
-344 -381 798
191 265 -612
-549 -484 861
-576 -225 -564
-404 -309 -712
437 233 -275
295 64 -466
-505 -176 -510
-640 486 -604
-233 -378 651
-417 -204 -332
312 211 -279
-389 -258 -691
272 253 -275
312 113 -364
112 293 -466
547 51 -560
-466 -229 -660
257 -57 -275
-394 -447 -472
-222 -373 476
-241 -351 463
-705 -204 -627
547 239 -336
544 -319 -620
-387 -373 726
292 142 -315
-477 -114 -525
-580 -409 705
511 -89 -164
389 -108 -540
-506 -302 650
-510 -529 484
318 241 -494
-637 -311 -725
-361 -218 -498
-312 -402 609
-554 -465 -620
-401 -325 -512
-280 -333 616
423 -60 -186
-465 -256 -796
-381 -556 538
-15 604 296
144 54 -507
516 210 -466
488 216 -195
-428 129 -413
325 193 -400
-392 -453 647
-300 -581 604
-624 -234 -426
-604 -513 853
564 165 -275
315 101 -603
-359 -373 -716
280 -36 -458
-567 -295 648
-543 -530 610
243 209 -191
-191 -458 476
483 -64 -362
329 2 -256
-282 -106 -620
-425 -422 548
-528 -387 712
527 -139 -358
-388 -487 871
-333 -305 -511
412 138 -213
-343 -70 -738
-648 -292 766
128 180 -529
-374 -150 -623
-129 370 240
165 169 -501
-373 -709 465
-392 -381 669
-388 -495 873
-606 -133 -410
-357 -459 -448
-589 -680 717
514 222 -612
328 -29 -309
-576 -384 -728
-454 -485 -377
-678 -324 -763
-692 -223 -356
240 297 -400
518 104 -315
391 70 -461
571 98 -579
213 8 -590
-434 -367 675
-645 -367 663
152 89 332
-397 -267 -676
-399 -341 480
-627 -560 554
-236 -454 862
266 -109 -301
181 -76 -463
360 -116 -335
-417 -553 678
516 -9 -237
-660 -275 -777
-672 -145 -502
-487 -711 820
255 -149 -457
-524 -135 -558
-394 -608 773
490 -140 -339
138 242 -613
-456 -147 -385
-530 -483 -357
-553 -702 902
259 61 -483
257 -68 -464
535 180 -361
-522 -339 -554
-550 -587 475
125 77 -229
470 283 -403
-645 -261 -556
-345 -305 -364
-391 -98 -648
-704 -301 -539
-639 -230 -495
432 285 -354
-343 -669 780
-642 -137 -685
-439 -136 -525
-541 -398 -576
393 -124 -224
386 68 -218
479 -19 -352
-638 -570 494
527 145 -507
-205 -471 717
-255 -400 822
-333 -297 -622
-319 -638 776
-298 -453 757
-436 -457 883
-504 -315 -570
-279 -636 569
-291 -166 -347
-212 -737 837
116 235 -509
-610 -229 -365
-655 -736 446
-542 -571 634
-370 -114 -735
-421 -414 632
258 -106 -556
422 247 -230
-557 -546 690
-286 -586 648
559 70 -524
-426 -331 -575
-534 -312 -332
136 20 -455
-376 -380 -792
327 287 -358
524 -62 -171
-734 -189 -404
246 117 -182
-346 -457 653
-446 -412 -434
366 243 -404
-502 -725 796
266 -62 -295
-645 -461 -724
-508 -232 -757
-627 -520 858
-335 -301 -762
-496 -390 -339
694 -558 -252
-327 -409 822
433 285 -267
458 -140 -208
-414 -479 758
-359 -251 -482
369 -74 -527
-377 -540 519
182 23 -543
-620 -294 -428
-494 -560 863
-618 -46 -782
-405 -359 452
416 17 -559
-44 -160 -505
-297 -460 833
-516 -388 691
-421 -380 -567
-420 -85 -680
-609 -506 -592
-462 -309 -339
150 245 -321
-526 -502 776
-553 -542 731
-636 -449 -424
-611 -625 773
361 20 -451
-605 -560 685
-362 -241 -416
39 615 -400
-537 -393 591
419 -67 -603
-349 -565 903
-422 -391 687
202 126 -286
-513 -251 -423
-682 -122 -405
126 163 -373
236 252 -374
-540 -288 645
-731 -120 -553
-742 -95 -405
-351 -657 668
-442 -677 841
-361 -304 867
-265 -287 689
-604 -397 -349
293 84 -386
202 -98 -601
-560 -380 850
-564 -621 465
-546 -73 -727
552 -62 -256
-357 -446 -440
546 78 -233
-569 -449 748
-722 -347 -362
-501 -500 509
-651 -368 741
-402 -353 569
-232 -585 797
-563 -539 768
480 244 -483
127 -55 -234
-360 -295 501
-642 -713 769
557 13 -314
-720 -407 -520
-451 -585 766
-279 -333 -761
272 172 -387
-505 -342 711
-705 -235 -474
451 -102 -487
223 86 -281
-543 -291 -535
-403 -313 -753
-409 -467 557
-667 -249 -757
-303 -288 -769
-584 -213 -370
179 127 -173
-321 -442 -413
179 98 -439
-408 -290 -528
353 170 -235
-530 -502 -610
299 -19 -528
-611 -383 -457
-330 -601 882
512 47 -348
-714 -256 -702
-736 -442 -390
488 47 -235
-454 -433 -545
-281 -427 -475
337 18 -180
-555 -322 817
328 241 -490
267 -7 -340
580 127 -106
-598 -56 -734
-527 -280 547
-284 -348 692
457 286 -342
394 270 -316
-588 -65 -758
-561 -79 -415
435 95 -579
-259 -606 625
-520 -270 -752
129 205 -323
-535 -93 -485
-573 -302 -480
301 122 -389
-459 -619 781
257 -72 -486
-226 -367 830
-635 -94 -332
-729 -153 -521
233 -12 -413
-726 -131 -642
-666 -162 -515
-415 -525 712
-624 -395 696
-336 -448 -531
-372 -356 -598
-373 -494 -575
-559 -392 874
552 167 -516
-470 -326 -449
222 62 -163
-310 -356 -467
-591 -330 -613
-603 -476 621
-392 -450 529
453 151 -595
-566 -734 608
-378 -678 524
-605 -494 734
-546 -617 829
-338 -450 -487
-510 -484 445
382 294 -174
230 -66 -188
302 215 -513
-449 -470 -423
-590 -504 -407
422 15 -557
-473 -303 -509
364 154 -629
-532 -69 -415
460 -9 -604
-323 -452 486
-263 -332 515
-434 -545 459
-620 -314 477
-457 -541 536
-397 -383 859
-612 -380 -524
148 151 -568
-441 -435 706
552 41 -233
196 148 -572
57 28 -329
-337 -492 -733
-570 -530 799
-424 -319 -725
-334 -556 904
355 43 -209
338 35 -528
-418 -535 610
-196 -331 742
-357 -696 803
468 157 -215
-402 -193 -350
398 140 -600
-629 -442 750
-456 -386 683
-202 -635 842
-201 -441 715
-243 -341 742
-661 -192 -751
-384 -592 566
-427 -324 797
-427 -607 576
269 228 -555
-349 -266 -589
-267 -346 493
-465 -425 -646
-536 -293 -401
-654 -405 -362
221 -57 -441
-603 -254 -490
-519 -484 -707
-440 -335 -673
-479 -576 592
-566 -423 -494
-395 -709 796
152 -107 -222
-460 -494 822
-326 -344 -471
-488 -288 -506
-424 -335 -741
-509 -256 -682
-542 -361 579
420 225 -271
-564 -494 829
-648 -431 718
456 -156 -232
-491 -540 822
478 -154 -182
302 236 -443
312 258 -384
31 211 370
-691 -202 -467
-518 -294 -458
502 -56 -413
-482 -94 -760
-348 -262 -666
-538 -299 -426
-487 -288 639
563 -102 -431
139 -39 -570
-588 -688 904
-559 -163 -762
284 -1 -388
-331 -452 -370
-565 -495 639
-353 -665 727
-550 -614 501
-397 -459 558
176 10 -543
255 -58 -478
-400 -198 -394
413 -87 -169
-276 -285 465
-402 -447 653
487 -60 -565
-508 -174 -441
175 -294 -356
276 -153 -332
-505 -460 -531
325 -114 -625
-608 -213 -665
489 486 531
-330 -444 482
-538 -81 -592
-458 -378 -549
-190 -368 549
569 71 -199
437 250 -531
-408 -635 813
-475 -334 651
-445 -530 816
-418 -563 549
238 10 -297
-434 -278 869
32 240 -654
243 194 -352
-628 -411 906
-593 -315 -417
490 -381 -438
-588 -438 -682
-374 -339 835
-282 -500 505
-325 -142 -683
414 191 -341
-321 -51 -558
-626 -321 -591
-458 -253 -673
-361 -664 873
-371 -205 -575
168 120 -460
480 -12 -552
-312 -168 -401
-103 -141 682
-701 -457 -363
121 244 -329
-529 -707 507
-346 -504 -728
-539 -462 710
478 119 -174
-408 -85 -532
-595 -60 -672
176 -31 -362
-406 -738 703
-433 -305 -730
454 104 -463
-345 -49 308
-350 -93 -569
-559 -244 -786
311 185 -537
486 206 -402
-193 -642 840
-276 271 -558
401 83 -391
-648 -286 -408
-569 -135 -510
369 -5 -267
-470 -488 634
560 -6 -255
347 -118 -605
-363 -708 564
-555 -338 -433
-652 -67 488
-631 -135 -429
-509 -272 -513
-447 -486 819
-338 -723 820
356 186 -321
372 -28 -551
499 -18 -621
415 162 -523
-442 -407 -571
277 -159 -356
-339 -238 -378
-333 -404 -773
483 37 -203
250 25 -297
-258 -292 559
566 149 -567
215 2 -274
-362 -639 599
-233 -449 845
-193 -611 736
-619 -178 -746
-366 -301 744
-398 -299 499
-472 -76 -619
-435 -136 -543
155 52 -252
-454 -166 -633
-273 -687 679
-330 -414 -564
-652 476 681
236 233 -169
-655 -621 522
-371 -577 638
115 -37 -540
-589 -313 -629
-556 -487 889
-657 -243 -590
-560 -613 845
-693 -308 -694
-670 -142 -586
-680 -129 -766
425 -70 -390
-432 -640 734
-437 -500 -382
-278 -212 -466
-742 -341 -682
-318 -69 -608
493 152 -346
-233 -311 806
487 -66 -246
516 75 -266
241 -19 -433
-573 -462 -692
-617 -108 -372
-498 -398 -499
362 -18 -305
173 -132 -332
-601 -136 -638
-662 -487 -733
352 163 -328
-557 -570 669
321 157 -615
224 -87 -524
150 121 -219
-562 -732 832
-304 -142 -470
-287 -359 583
-468 -55 -343
511 154 -443
-550 -206 -547
-642 -222 -418
-539 -653 617
233 236 -283
359 -24 -176
383 -69 -422
-578 -390 761
-550 -579 741
339 142 -219
359 127 -531
519 1 -295
165 138 -191
-202 -682 838
325 282 -511
-515 -152 -631
435 138 -591
-566 -408 544
-521 -437 -544
424 6 -609
168 -119 -306
486 -54 -406
-271 -550 902
-400 -357 562
-324 -501 -666
159 -100 -594
-579 -576 808
-409 -671 581
357 -77 -240
-571 -572 838
213 72 -209
-364 -600 610
-594 -291 -542
-509 -624 757
-302 -427 -376
513 103 -564
448 -67 -180
-341 -441 624
-437 -132 -600
-619 -62 -528
554 236 -480
-640 -519 815
-505 -586 600
380 -3 -181
339 -3 -515
547 67 -552
-568 -303 -474
-437 -245 -764
137 -243 383
-483 -361 811
560 72 -388
293 -149 -513
-561 -699 655
-727 -308 -714
-742 -103 -468
-223 -299 623
-443 -505 -608
-645 -690 541
-443 -148 -749
108 -431 6
451 51 -461
-397 -439 -741
-412 -420 -519
23 126 -490
-525 -460 -641
-560 -543 846
239 -144 -271
-639 -673 566
443 -459 -628
-354 -571 776
-473 -420 505
-601 -676 494
213 228 -444
354 63 -385
-441 -602 473
-604 -622 536
-276 -484 782
330 206 -558
-525 -671 663
504 -80 -177
-714 -164 -589
566 74 -374
-641 -44 -411
-352 -472 -463
-551 -529 666
111 -72 -187
-341 -596 776
-414 -100 -679
323 -63 -466
-618 -368 490
536 257 -250
-459 -623 609
-743 -115 -747
525 -97 -629
558 277 -499
-313 -103 -652
119 113 -492
-380 -291 525
-559 -305 573
-557 -82 -339
-588 -501 -486
-695 -503 -534
521 289 -410
-524 193 232
-421 -353 -546
660 -12 -538
-363 -201 -402
125 -147 -268
-384 -484 -735
551 99 -436
-254 -709 771
486 -157 544
-313 -623 694
-448 -650 616
-669 -469 -535
-455 -176 -465
-646 -372 636
-537 -422 -403
-491 -691 745
-471 -107 -554
467 -52 -501
-219 -309 734
-427 -583 600
-349 -334 -591
-420 -275 535
-514 -280 840
-638 -676 759
243 -99 -241
-501 -321 541
-579 -134 -641
-335 -289 -349
-617 -637 889
153 150 -406
-637 -653 623
-281 -476 784
-618 -142 -769
412 203 -485
298 43 -497
-552 -477 550
-561 -548 460
418 -49 -443
-449 -468 860
334 196 -520
158 255 -607
-468 -647 524
-525 -466 -546
-350 -124 -524
-645 -443 526
-477 -513 634
537 -572 524
-699 -180 -795
-544 -494 789
410 106 -378
-558 -295 -541
-38 524 477
552 239 -366
-353 -336 -444
-562 -278 542
187 -8 -597
-359 -121 -664
575 -42 -382
-425 -287 -373
-625 -621 496
337 -65 -528
-644 -598 636
506 96 -200
395 102 -420
-553 -75 -577
-361 -597 656
-559 -297 -672
356 209 -551
-440 -178 -530
-569 -719 639
-310 -178 -731
415 236 -223
-411 -404 618
-215 -353 466
-263 -478 489
571 70 -356
514 -80 -252
154 15 -491
-360 -233 -655
-610 -500 735
-657 -500 -596
-588 -133 -673
-468 398 -206
-642 -218 -526
532 -87 -560
-307 -197 -470
-598 -739 798
-622 -250 -494
689 -556 -379
-314 -411 -689
-307 -433 -700
-384 -724 557
-394 -495 805
-254 -413 733
474 232 -386
-314 -231 -414
-428 631 373
-497 -484 -557
-640 -255 -405
-709 -161 -672
-288 -613 464
190 205 -548
-290 -482 871
-358 -258 -560
-582 -330 -593
-368 -541 844
140 -61 -541
-640 -314 680
522 53 -480
-458 -638 898
-195 -604 534
-620 -547 672
-412 -308 -501
-413 -507 -438
-296 -480 550
399 280 -506
-389 -487 755
-393 -471 863
-471 -195 -699
236 97 -597
-515 -381 590
-282 -355 906
-537 -517 703
-499 -403 577
453 -125 -379
-485 -664 699
487 93 -180
-384 -302 767
439 -159 -187
-439 -620 835
-519 -70 -678
-492 -456 453
321 256 -341
351 -98 -444
-296 -351 -765
-202 -404 546
189 215 -262
-454 -169 -488
-289 -470 449
-484 -344 623
159 -418 -457
-329 -137 -533
-652 -71 -739
-341 -382 785
-636 -446 749
-622 -468 -346
-245 -365 616
-594 -473 787
273 268 -611
504 141 -489
-534 -524 697
-702 -495 -569
207 243 -390
-564 -426 -396
282 178 -306
-583 -418 594
180 106 -613
-291 -421 -681
508 225 -314
417 56 -323
-371 -311 -655
213 63 -409
-285 -320 673
-515 -136 -713
-433 -682 607
553 59 -467
-636 -427 -718
261 19 -211
-426 -428 705
-303 -499 783
279 88 -325
-574 -532 689
-490 -48 -463
-400 -578 473
-568 -152 -548
568 199 -626
-307 -341 -421
-484 -595 762
-656 -388 653
-502 -434 589
543 -159 -236
-324 -304 -760
352 212 -272
-646 -388 603
494 -59 -429
442 23 -325
-621 -176 -716
-472 -394 -358
-228 -559 680
-582 -607 511
163 -60 -214
248 251 -388
-319 -478 -442
116 -146 -293
-664 -303 -731
366 174 -377
-376 -357 -416
-228 -539 869
-475 -551 679
-496 -373 516
-274 -304 754
-300 -242 -343
-381 -190 -492
-307 -175 -633
421 41 -322
-400 -433 -363
205 -21 -254
-550 -481 722
-220 -430 626
-351 -203 -360
-375 -286 691
-566 -179 -767
-508 -260 -785
522 97 -299
-632 -739 907
366 -57 -234
326 292 -352
-501 -99 -499
284 -64 -322
-421 -713 776
-513 -264 -574
-459 -271 -719
-106 -321 504
-375 -312 552
294 -44 -187
427 189 -489
-270 -482 529
153 9 -585
-592 -486 -347
-377 -417 -423
425 277 -438
-250 -697 629
-588 -227 -584
318 294 -458
-621 -401 -537
353 -137 -320
274 268 -541
2 482 178
-316 -89 -705
-736 -112 -363
-289 -423 584
-578 -652 688
549 156 -180
-437 -480 584
268 57 -270
-336 -160 -488
-708 -432 -745
-360 -565 498
402 0 -336
-482 -343 661
193 14 -341
510 -90 -205
-377 -191 -787
-569 -581 508
-450 -654 452
-399 -234 -444
519 -80 -258
282 -123 -241
331 -132 -318
-300 -699 538
-713 -190 -685
397 -107 -205
-432 -362 627
-347 -424 -388
-451 -324 -731
-648 -314 -458
-640 -444 -449
-512 -458 710
-634 -372 467
-201 -285 724
-370 -582 511
219 -29 -196
-323 -275 462
-647 -284 -613
390 -139 -424
-299 -488 830
-503 -339 829
-513 -455 -395
-239 -294 664
208 -32 -271
-607 -692 468
-435 -451 -720
166 -114 -331
-281 -443 555
309 -83 -317
-456 -71 -606
-583 -707 759
235 229 -373
508 41 -478
-211 -516 -34
128 131 -600
-281 -469 669
-367 -594 782
431 -50 -434
-493 -362 785
-345 -216 -646
-590 -115 -534
233 275 -305
289 293 -554
-562 -658 870
-439 -557 758
-466 -338 580
-634 -580 647
331 191 -199
149 -544 -329
363 -5 -555
466 32 -576
-462 -251 -573
321 -136 -397
475 -94 -486
-715 -67 -487
-470 -549 486
-687 -151 -486
433 149 -618
-654 -721 889
469 -417 -156
-437 -103 -407
381 -59 -344
356 -33 -610
-406 -362 886
-396 -420 -529
423 152 -357
-431 -209 -457
-235 -473 815
142 -13 -208
242 120 -464
-351 -402 -796
-354 -444 -395
529 161 -363
385 31 -447
458 -16 -605
513 181 -380
498 94 -314
153 2 -415
554 146 -522
-581 -299 798
208 -132 -172
-360 -260 -442
-322 -268 -339
-283 -255 -608
204 -70 -186
-354 -160 -524
121 -4 -578
-501 -258 -552
-288 -452 -640
-333 -380 883
-327 -449 696
128 -129 -536
-287 -583 739
-190 -499 487
-583 -346 -668
540 141 -313
393 62 -601
361 297 -571
178 222 -280
-385 -291 748
-527 -657 816
-524 -559 789
-537 -739 611
-347 -425 -444
-566 -321 550
-473 -71 -335
-386 -74 -518
-374 -632 459
-636 -487 652
-571 -293 -367
312 -130 -441
293 -46 -183
-411 -537 687
297 11 -452
-321 -250 -622
-641 -325 -452
547 214 -348
-402 -95 -575
308 225 656
-223 -304 827
-612 -427 -665
-594 -382 -577
-728 -134 -502
-577 -300 585
-518 -461 582
141 300 -527
-613 -457 688
-413 -358 449
-585 -500 631
-579 -727 606
241 232 -506
-318 -592 511
352 194 -470
-565 -593 486
324 -52 -207
-435 -395 -419
-197 -331 831
-645 -364 -545
-509 -158 -433
-683 -62 -692
171 -19 -510
-617 -393 -539
-396 -149 -469
-483 555 -60
-295 -338 894
291 249 -173
336 -93 -499
-619 -448 785
-595 -467 -375
-455 -471 -797
516 -1 -311
-281 -729 466
-379 -285 -347
-542 -282 -597
274 -119 -431
161 228 -526
383 164 -186
151 164 -285
-527 -381 -648
167 -12 -215
-672 -302 -776
-374 -196 -618
-309 -374 -394
-711 -169 -587
-567 -339 528
445 -58 -305
286 106 -230
-409 -529 700
-342 -367 886
537 -56 -230
167 -157 -168
-304 -531 841
262 179 -282
-440 -649 613
110 443 -461
-301 -643 485
-471 -484 704
-631 -399 689
200 -64 -318
-345 -141 -351
150 134 -265
-456 -266 -372
-437 -295 -779
-715 -454 -611
-397 -732 683
-476 -211 -715
563 17 -360
401 126 -604
-194 -371 577
494 247 -376
-436 -440 772
-304 -478 -734
556 99 -525
-159 -272 352
-295 -551 508
489 143 -512
186 -152 -461
-270 -300 620
-698 -442 -575
-476 -675 779
-482 -239 -682
159 84 -613
-564 -469 -381
-376 -331 -589
224 223 -504
-201 -434 723
341 278 -324
-323 -650 765
130 158 -594
-577 -307 -604
655 -43 616
-310 -412 527
-415 -265 -356
471 285 -588
200 81 -224
-538 -340 616
-378 -533 784
-564 -281 -668
-379 -311 -663
-216 -532 516
-705 -217 -684
205 80 -347
-727 -222 -621
-586 -301 540
-418 -719 857
-364 -363 -385
-622 -489 579
-420 -509 796
-374 -356 -577
149 135 -202
-281 -473 625
-708 -206 -478
473 -135 -613
-601 -722 611
-510 -318 -482
-652 -135 -439
-379 -511 647
283 -109 -308
-647 -345 668
-405 -647 614
-563 -153 -780
-472 -698 659
-325 -614 797
-531 -205 -638
-512 -241 -462
360 191 -372
-53 -74 294
-599 -470 406
142 78 -493
-498 -364 776
-645 -366 903
-389 -328 -750
517 215 -396
-652 -123 -735
420 269 -441
-570 -481 507
-730 -223 -676
271 -90 -582
-436 -627 575
-293 -459 -790
-291 -92 -736
-342 -267 -569
-294 -436 573
-724 -192 -726
-579 -131 -693
232 293 -453
554 -24 -203
-285 -285 684
-289 -384 575
-368 -361 -478
306 57 -622
-405 -180 -581
560 -114 -329
512 118 -474
-396 -167 -780
236 165 -472
-619 -99 -501
-333 -400 850
-415 -291 846
379 75 -396
192 -79 -366
-500 -123 -395
404 -42 -386
618 -542 -335
-531 -380 -490
-511 -292 -457
-204 -444 615
353 217 -462
-280 -408 492
449 99 -466
509 217 646
-258 -320 894
-324 -82 -390
-208 -608 676
293 139 -472
-698 -499 -511
-345 -488 889
-610 -561 815
-226 -550 732
-496 -50 -542
-697 -312 -611
170 63 -192
516 182 -177
-401 -404 789
-566 -88 -427
463 213 -383
412 -71 -315
-579 -450 584
-719 -452 -482
-214 -527 663
-298 -393 -794
-600 -72 -690
-543 -569 721
-612 -87 -608
179 275 -340
406 121 -543
-684 -374 -369
262 -118 -315
470 223 -218
-491 -302 682
-641 -410 855
-506 -710 758
-480 -436 852
-696 -455 -19
10 84 -495
-383 -250 -717
-296 -591 694
-329 -568 518
-570 -266 -581
172 12 -167
492 -99 -582
-219 -600 740
-686 334 -504
-536 -358 504
113 307 -607
642 358 -632
164 192 -358
-429 -673 487
-687 -196 -451
452 29 -176
325 -74 -514
112 -107 -395
-476 -676 729
218 -86 -571
465 -9 280
-669 -46 -394
-395 -511 794
359 -155 -294
203 83 -348
338 11 -515
-210 -544 643
-497 -360 -452
401 164 -177
-433 -282 900
391 -109 -378
-656 -502 -359
-555 -44 -503
111 55 -415
-402 -581 447
-368 -719 617
-544 -270 -688
-250 -494 687
-427 -349 470
-536 -485 -665
-326 -358 818
-562 -340 -620
-249 -657 629
-436 -63 -560
-715 -265 -636
-520 -73 -416
-521 -428 786
-480 -99 -436
-649 -156 -449
-529 -682 862
231 70 -499
-379 -382 -683
-636 -624 451
-457 -480 -590
-630 -501 -527
-639 -330 -468
262 205 -591
-412 -502 592
-407 -186 -460
384 246 -390
-701 -497 -535
-356 -410 -650
204 227 -457
574 -197 -529
242 -51 -408
-626 -199 -442
268 85 -299
298 113 -541
-304 -461 878
-288 -312 -467
-546 -370 591
-448 -646 559
-300 -660 610
187 144 -455
367 133 -177
-375 -351 868
554 283 -252
-487 -371 507
-652 -617 533
429 -128 -601
-343 -331 -491
-612 -674 782
-507 -716 745
340 126 -321
-595 -448 -784
313 -61 -220
-603 -354 818
-412 -577 500
-609 -473 462
-473 -460 -416
283 145 -595
513 265 -442
-635 -405 -576
-739 -148 -426
89 -433 696
-666 -445 -374
-579 -132 -795
-593 -386 487
533 52 -500
-368 -493 -586
-574 -254 -358
-411 -699 628
-588 -151 -791
-714 -111 -392
-583 -181 -787
-651 -439 674
-555 -648 744
-402 -235 -772
274 60 -340
-428 -487 -776
-576 -273 527
527 176 -389
-187 127 -322
380 299 -405
383 216 -612
-699 -176 -595
436 -135 -585
259 637 517
-412 -215 -607
209 121 -268
-659 -365 -622
-538 -705 820
208 207 -543
-334 -691 544
-535 -157 -769
-559 -735 778
-500 -283 803
423 -70 -331
-387 -327 518
-437 -293 723
260 256 -221
-717 -166 -373
-575 -401 -767
549 141 -618
323 29 -389
411 -99 -548
566 116 -362
-531 -446 -479
-423 -608 831
139 239 -617
477 -55 -241
-647 -369 -506
-603 -295 -764
-513 365 67
-565 -443 583
-461 -416 -537
684 590 513
-559 -398 -618
395 161 -519
-741 -50 -536
275 288 -328
334 71 -611
-497 -569 699
153 128 -165
470 -113 -233
190 187 -201
529 -302 218
-693 -477 -778
393 274 -576
-375 -418 541
208 30 -452
-652 -215 -531
-499 -377 683
-347 -701 718
-497 -190 -535
-423 -680 893
-530 -627 839
-421 -385 -583
387 119 -373
-312 -633 740
428 81 -307
210 40 -234
167 76 -386
335 -158 -372
-243 -394 893
-586 -422 716
-713 -373 -785
-661 -95 -797
-501 -392 -772
524 68 -204
-217 -546 724
-293 -606 494
-492 -367 -376
148 -86 -471
262 -47 -441
-603 -436 485
-42 -351 -604
-659 -187 -623
535 -102 -468
461 -40 -500
414 109 -482
-536 -140 -409
-274 -513 642
526 -104 -303
-626 -258 -683
-335 -420 793
522 171 -418
-614 -159 -437
-413 -179 -614
223 40 -343
-631 -443 -417
507 29 -614
-271 -575 588
-300 -304 890
-571 -436 602
-319 -366 686
-416 -600 720
-479 497 -221
184 45 -211
213 -108 -566
498 120 -375
-432 -701 663
-585 -478 586
282 185 -625
552 53 -511
553 -75 -458
-616 -116 -378
-715 -304 -748
276 -102 -554
-604 -50 -406
-580 -129 -508
-437 -170 -511
-492 -480 -364
-606 -322 -494
-699 -370 -496
-651 -193 -488
569 48 -170
-191 -417 545
315 125 -366
-459 -407 706
381 178 -373
278 -41 -176
-653 -146 -761
-521 -261 -714
-618 -678 882
-431 -637 695
-521 -491 507
-551 -504 546
-429 -420 -443
-714 -249 -598
147 276 -191
-460 -686 531
-626 -465 756
-592 -390 856
-427 -507 473
296 69 -202
562 147 -170
517 261 -254
-411 -237 -694
-509 -206 -587
-504 10 -458
496 -28 -431
-295 -123 -363
218 205 -412
232 283 -554
-603 -564 662
-439 -698 539
-350 -436 -460
-209 -654 591
322 263 -338
239 248 -521
-235 -397 837
146 178 -515
-253 -514 884
-414 -644 665
-582 -434 -347
-556 -576 683
-729 -312 -490
-413 -486 -502
-549 -406 614
446 109 -562
-563 -523 568
-715 -434 -499
-547 -686 652
-234 -422 873
-719 -244 -797
-622 -389 -710
-675 -278 -791
386 -138 -186
-583 -319 -524
-216 -686 621
-466 -563 634
-511 -191 -663
85 357 -184
-355 -586 590
523 98 -555
315 -1 -310
-614 -503 548
-380 -379 -555
-500 -234 -415
-584 -177 -663
-370 -438 -333
-596 -403 -695
316 -139 -236
555 -80 -317
343 -402 664
-696 -71 -351
538 -14 -454
-502 -328 -555
574 -98 -278
-652 -316 -785
-307 -429 -727
-345 -470 -775
288 -66 -310
-608 -142 -493
-335 -215 -398
-380 -445 512
-442 -314 -596
-291 -111 -640
-374 -560 877
568 138 -330
316 72 -581
-685 -80 -536
166 -32 -387
254 -54 -314
521 -54 -448
-418 -366 734
329 286 -232
242 290 -429
-545 -60 -573
320 -127 -351
-487 -378 -575
-262 -456 905
-346 -200 -629
-355 -116 -705
432 301 -228
-418 -602 819
-520 -287 -336
-591 -342 -722
409 210 -333
-238 -344 751
-520 -270 -508
474 222 -602
-678 -329 -756
-729 -153 -697
459 170 -253
-647 -610 746
312 -58 -406
-369 -316 887
-336 -206 -386
-592 -139 -386
-395 -225 -532
-440 -403 473
-378 -573 776
-425 -461 -401
-328 -554 834
-462 -296 -580
-634 -201 -703
-456 -279 868
544 -134 -359
-252 -275 664
-445 -542 753
-487 -532 717
-380 -405 760
379 -100 -312
491 136 -329
304 -3 -174
256 -101 -593
312 -124 -359
-457 -546 634
537 199 -304
-496 -524 756
-529 -581 539
-338 -614 834
-279 -495 -670
-483 -422 -786
125 193 -621
260 89 -374
-581 -425 -792
-393 -582 564
392 -55 -407
-679 -459 -482
272 203 -617
-451 -696 466
-481 -626 633
421 212 -379
175 -79 -515
410 -15 -563
-610 -671 590
-230 -551 572
-409 -116 -422
-640 -431 -389
-560 -362 528
-424 -350 -719
-282 -620 747
-362 -430 387
-451 -309 -786
-390 -667 638
-544 182 45
-321 -407 506
-273 -354 864
-351 -445 -575
-678 -221 -664
568 -57 -302
-640 -484 -638
-304 -186 -398
219 106 -371
-551 -388 -423
-360 -76 -706
-409 -61 -439
270 111 -318
379 -60 -527
-535 -559 675
-611 -595 754
-597 -291 -472
-584 -545 830
482 231 -543
371 -18 -351
-406 -633 908
131 208 -173
-385 -406 -634
-741 -58 -573
121 133 -206
-626 -296 477
493 252 -342
-567 -495 719
-625 -700 552
-551 -610 793
-298 -174 -697
-290 -278 436
-423 -398 864
-242 -482 819
549 16 -241
-694 -468 -359
-299 -623 755
446 255 -180
432 -159 -427
-471 -169 -628
-587 -562 466
-398 -310 658
-275 463 -140
-338 -211 -473
-468 -407 644
479 104 -575
-587 -413 -524
-429 -305 633
-443 -222 -416
-506 -521 468
-624 -464 702
-445 -572 592
466 49 -594
-356 -131 -713
-638 -83 -641
216 223 -389
-333 -410 -470
-437 -115 -633
576 -36 -613
-450 -282 -394
-496 -369 867
478 -150 -553
-582 -594 689
-552 -485 -614
471 210 -228
-217 -672 490
-522 -466 -683
-730 -333 -758
-210 -306 663
527 215 -436
371 -40 -321
436 286 -606
-355 -517 903
-503 -111 -471
-323 -533 832
-731 -78 -386
478 287 -609
-415 -581 867
-320 -527 601
286 245 -282
-376 -282 -443
214 218 -547
-357 -459 692
-290 -472 -612
272 177 -516
-374 -454 819
-597 -69 -455
-375 -297 -332
-482 -153 -427
-539 -465 -561
-471 -486 -729
-536 -393 -422
-556 -93 28
-538 -704 701
-301 -718 455
-376 -562 617
-221 -726 864
451 130 -590
312 -118 -484
310 144 -166
-466 -417 730
-360 -60 -631
127 264 -533
-674 -164 -733
-700 -133 -790
174 -130 -536
-488 -196 -697
551 202 -219
-422 -334 276
-356 -506 -571
450 -97 -463
342 -103 -199
436 150 -319
313 -93 -527
-398 -605 495
-732 -464 -679
-329 -562 728
174 -17 -608
-436 -668 644
-417 -188 -515
122 80 -333
673 -388 -87
-395 -301 -561
-396 -316 510
-423 -99 -670
-661 -328 -374
-247 -280 864
-302 -203 -651
113 222 -338
-285 -206 -393
-437 -429 -379
-527 -460 -383
365 -22 -464
-574 -573 540
-591 -516 571
-361 -376 -710
-371 -75 -591
556 273 -527
-245 -654 525
196 207 -599
352 209 -575
-719 -90 -359
-269 -583 899
422 110 -405
-333 -462 -498
202 145 -522
-479 -288 897
-440 -522 902
115 505 -164
-496 -722 505
437 647 320
111 -144 -412
-258 -686 551
-651 -361 -454
-447 -377 607
-601 -498 -620
322 -13 -228
-33 -664 237
542 285 -533
-451 -55 -498
426 75 -202
-469 -543 795
-354 202 492
306 621 -649
568 97 -267
-293 -460 -341
157 246 -541
438 249 -330
-437 -212 -572
-269 -427 547
-296 -353 789
121 55 -398
-232 -461 663
-227 -726 711
-599 -219 -597
-585 -430 770
-575 -478 -379
-344 -259 -388
-427 -488 857
-364 -223 -639
216 -147 -185
130 -137 -243
-650 -672 887
554 5 -318
-415 -45 -762
-603 -419 675
374 201 -319
-651 -340 596
321 112 -446
299 252 -626
-433 -626 706
550 191 -310
-435 -568 567
-346 -465 -459
249 124 -552
-377 -230 -785
-604 -713 610
-652 -430 -670
-263 250 372
438 537 -543
474 -123 -422
-253 -458 907
-285 -254 -509
-649 446 418
-503 -371 555
-503 -394 -479
-464 -555 685
534 264 -201
-477 -549 602
-542 -532 532
-354 -492 526
-616 -479 820
-360 -386 -497
423 -108 -546
-619 -173 -791
477 -125 -351
187 -138 -327
-321 -605 485
-736 -321 -746
-402 -268 -667
-458 -398 -630
-341 58 117
-648 -447 895
-538 -253 -457
-283 661 274
-561 -170 -472
231 177 -419
-495 -368 704
-626 -569 684
-578 -93 -623
-392 -329 592
-304 -437 469
426 247 -204
-582 -239 -541
-601 -296 445
-639 -509 -343
282 -127 -190
-726 -405 -691
-585 -492 910
197 22 -485
-623 -512 850
571 215 -420
-584 -136 -634
-638 -462 -576
526 258 -288
339 60 -523
-613 -102 -655
-513 -423 467
257 295 -237
-467 -154 -693
-257 -295 647
469 -85 -529
339 -109 -244
-619 -504 685
-381 -348 -634
474 -278 -242
-481 -341 487
-584 -355 -534
-381 -493 -394
313 196 -457
-391 -122 -727
459 -77 -401
-631 -184 -545
440 73 -437
174 201 -322
-405 -666 767
364 306 293
271 272 -196
-651 -335 -391
139 164 -296
135 181 -251
-500 -492 -615
-509 -415 -599
303 -88 -558
-620 -400 -352
-421 -274 659
-629 -666 852
-269 -594 628
-208 -678 574
224 -100 -302
-621 -345 744
361 -159 -219
544 -149 -595
-419 -69 -783
492 -146 -239
-624 -144 -475
-294 -485 474
-661 -313 268
-602 -361 -762
112 -80 -516
-308 -398 -717
-347 -410 -787
479 157 -380
467 121 -402
-333 -454 821
-488 -380 -765
-629 -429 666
275 -45 -441
499 185 -268
-322 -374 -454
145 115 -393
-454 -280 549
-399 -445 -501
-339 -316 -490
232 -127 -505
-639 -92 -583
-370 -506 607
525 -26 -407
263 -78 -169
-349 -409 697
516 143 -305
-527 -289 898
-491 -187 -644
514 -65 -603
119 -70 -472
-679 -137 -395
-605 -175 -415
-656 -590 449
-320 -532 504
200 -56 -270
-570 -380 897
249 -29 -583
-711 -483 -522
-406 -615 812
-407 -423 -686
344 -45 -347
-466 -503 501
173 88 -609
496 173 -414
415 37 -457
-360 -656 566
-578 -275 623
218 52 -263
-411 -455 783
-429 -482 579
-571 -620 884
-477 -333 -681
184 215 -266
-302 -172 -788
-223 -622 900
-369 -452 -789
-587 -361 711
-593 -91 -611
438 -117 -268
368 228 -250
228 304 -325
545 264 -545
447 244 -502
-463 -419 903
-449 -416 687
162 -124 -454
566 129 -441
-512 -483 874
-319 -158 -613
-622 -251 -391
380 -10 -233
-319 -699 661
223 257 -311
78 168 10
241 154 -240
268 166 -430
-78 -93 364
-361 -506 -796
282 306 -277
-403 -283 483
414 115 -595
-501 -350 -501
-318 -55 -751
-202 -357 839
406 167 -602
-310 -267 -538
-218 -697 611
-657 -110 -543
245 133 -603
-333 -181 -606
436 159 -225
-641 -74 -767
268 205 -452
-425 -217 -520
-374 -518 896
-481 -81 -787
-548 -96 -735
-445 -201 -710
-550 -664 613
482 -105 -593
-703 -256 -570
-335 -77 -342
-353 -341 -798
-732 -445 -519
-432 -218 -524
-301 -402 627
153 -135 -299
476 -46 -453
203 108 -173
-428 -570 743
167 145 -629
427 146 -441
308 196 -255
-335 -517 821
-620 -420 -769
526 144 -340
-345 -313 699
-349 -360 606
209 305 -180
-621 -445 582
-375 -712 618
-376 -448 -725
-653 -710 703
-585 -645 525
-547 -460 832
550 106 -190
-431 -430 610
255 174 -305
-237 -580 662
-652 -400 493
-362 -475 -742
-512 -468 -483
326 53 -366
-369 -70 -746
-642 -517 671
164 -95 -220
-697 -353 -520
-357 -98 -441
-203 -575 851
-710 -423 -741
-540 -653 584
-732 -434 -588
380 150 -272
-449 -401 446
180 200 -290
-223 -407 514
-558 -384 -668
230 57 -354
407 283 -427
629 208 -585
-724 -237 -605
-506 -64 -334
-619 -587 640
-549 -233 -713
-476 -334 -610
182 200 -626
-510 -556 556
130 286 -471
-604 -440 -648
-702 -145 -728
-523 -201 -755
-424 -300 -567
364 -42 -500
-513 -60 -422
338 65 -608
-676 -269 -598
444 95 -463
481 259 -250
-327 -203 -632
-258 -414 885
128 -78 -622
-280 -329 691
-206 -629 648
-520 -248 -505
-528 -464 583
532 28 -171
-488 -566 463
-510 -524 684
314 591 614
545 -34 -524
203 -67 -174
-527 -661 562
-265 -418 606
234 -108 -181
480 -7 -228
395 -148 -231
-470 -278 658
425 141 -466
456 -55 -435
-353 -481 685
286 44 -279
150 300 -267
-460 -629 618
655 -447 -269
-536 -702 508
336 21 -596
-301 -65 -545
-584 -224 -747
158 -149 -269
-624 -84 -561
244 89 -590
541 131 -424
451 0 -516
280 153 -432
-652 -509 570
-692 -74 -532
425 276 -456
-609 -701 466
171 -106 -253
-403 -223 -525
-645 -54 -556
-567 -264 698
-595 -652 743
-640 -500 -443
285 117 -325
-518 693 312
-616 -581 737
376 236 -252
-425 -176 -437
-687 -63 -716
461 245 -548
-588 -394 645
-504 -443 652
-262 -288 717
-546 -51 -520
274 -48 -187
-356 -583 910
-546 -706 822
-449 -475 -409
-691 -89 -410
-563 -350 -377
-626 -334 486
-540 -110 -724
-531 -594 598
-326 -489 -545
-449 -213 -402
-610 -674 612
-525 -339 -484
-497 -527 610
-535 -275 631
-401 -454 -737
350 -90 -251
-520 -692 547
-466 -424 -749
-292 -717 598
-315 -322 574
-529 -324 807
-634 -494 -458
-429 -509 532
-365 -124 -426
380 -77 -567
-407 -467 -430
-425 -718 867
-321 -517 786
-419 -463 649
-459 -333 -613
-692 -265 -621
-713 -464 -776
139 -133 -576
-239 -378 552
-681 -267 -723
-617 -533 553
-211 -382 489
-626 -331 559
-221 -398 573
173 -144 -271
345 180 -467
-427 -140 -483
-532 -99 -647
-385 -351 -721
-410 -396 645
313 214 -177
452 166 -606
-563 -386 -639
-648 395 503
-508 -439 732
137 218 -608
-626 -511 487
202 96 -432
-597 -265 -338
-497 -278 874
220 76 -607
-647 -575 627
-582 -565 836
363 -110 -459
-431 -628 613
-266 -692 838
-575 -674 704
-313 -259 -659
181 193 -619
151 201 -324
-443 -141 -607
-306 -312 621
-573 -468 -539
132 -26 -332
-505 -66 -652
-205 -714 504
338 16 -392
-439 145 -280
-389 -316 -490
-379 -566 556
-657 -60 -650
-735 -486 -337
-548 -559 803
-520 -359 -453
230 -69 -405
-204 -494 866
-317 -658 661
-280 -316 -512
-323 -420 508
-622 -202 -469
-481 -138 -683
-289 -581 501
-532 -94 -688
-486 -310 -524
-686 -405 -732
542 118 -327
-315 -394 -646
148 23 -523
-412 -393 -715
-711 -504 -574
-724 -73 -461
-253 -476 683
-216 -404 490
-522 -334 566
-326 -198 -386
-609 -204 -542
362 -145 -348
119 -17 -163
-517 -442 901
410 269 -558
503 134 -180
-192 -691 880
196 253 -579
-400 -589 705
447 65 -436
-309 -519 588
-555 -548 618
-364 -477 -706
-420 -170 -545
400 158 -306
-523 -469 -350
-483 -276 910
-336 -534 707
497 182 -466
-208 -373 806
-477 -114 -686
-715 -297 -772
326 -13 -624
-390 -633 861
-284 -364 -554
-281 -49 -632
236 -83 -365
-328 -406 -579
-608 -49 -345
-490 -399 746
-340 -479 853
-642 -330 804
220 212 -276
-377 -529 706
-529 -399 -410
-572 -330 -505
431 174 -242
-452 -402 758
-642 -706 636
-430 -450 843
474 141 -478
333 245 -176
-678 -247 -476
312 218 -166
560 -11 -196
-579 -340 827
577 -120 -518
-352 -147 -414
-213 -410 457
-321 -216 -793
151 -131 -598
-528 -391 618
185 -63 -420
-336 -336 -459
-573 -488 646
-360 -403 775
393 174 -542
-311 -667 838
468 -142 -263
342 200 -529
-501 -420 -349
530 301 -273
-566 -448 665
-297 -280 737
429 179 -417
-434 -355 651
545 60 -301
-589 -78 -431
560 249 -436
291 237 -311
-606 -675 575
-302 -635 463
-398 -703 835
-382 -296 -579
-453 -474 -633
237 -30 -386
483 -75 -475
-722 -301 -490
-336 -665 729
197 50 -282
550 277 -326
-332 -442 632
269 -145 -344
-387 -226 -713
-519 -337 -597
521 -85 -399
-586 -261 -421
-724 -415 -579
-262 -585 733
562 280 -181
-433 -731 659
-670 -48 -567
-236 -547 721
-377 -502 683
-623 -48 -556
-551 -335 775
-599 -624 736
296 158 -270
501 -159 -376
456 -16 -245
-305 -490 -623
266 152 -256
445 81 -440
-547 -721 827
268 151 -585
-461 -412 -727
565 235 -209
534 109 -175
-635 -476 624
-452 455 13
-387 -527 841
374 631 444
568 86 -475
472 204 -183
-652 -52 -479
290 65 -477
-706 -170 -702
-503 -405 803
-603 -275 -780
-552 -194 -451
-426 -79 -735
-580 -584 529
-211 -615 835
-560 -71 -661
-244 -398 732
-679 -452 -485
-308 -624 847
-326 -460 -399
-586 -645 848
-481 -348 -413
249 133 -529
-641 -345 752
486 100 -363
-561 -551 544
-347 -316 639
-158 69 -110
-377 -198 -659
-508 -418 -408
126 111 -323
-629 -272 -704
-353 -455 551
-668 -55 -528
118 0 -430
317 306 -401
-460 -472 -368
-564 -211 -290
-333 -388 -789
-710 -329 -600
344 152 -405
-234 -494 807
-481 -537 490
-489 -567 649
-647 -497 719
-646 -148 -581
-380 -567 838
-506 -702 486
185 158 -340
457 201 -285
280 209 -520
452 -78 -315
-644 -655 536
-430 -179 -610
-199 -476 837
570 148 -532
-251 -430 620
-345 -176 -538
-632 -650 765
-643 -725 497
572 -143 -509
527 -60 -352
522 -59 -564
-634 -517 495
-294 -647 761
-327 -458 -614
-478 -70 -494
309 -50 -171
-307 -74 -366
-309 -280 -547
-318 -78 -383
-662 -435 -687
182 138 -364
229 163 -483
-421 -420 733
140 53 -580
407 115 -310
-280 -380 -418
-232 -530 619
547 169 -360
-640 -486 816
446 175 -377
133 289 -398
404 75 -323
210 133 -452
-216 -493 518
-676 -285 -611
-487 -444 768
154 237 -195
428 200 -406
359 9 -272
-347 -424 813
398 -64 -307
-565 -190 -375
-720 -200 -714
555 125 -620
-555 -330 -473
-446 -175 -493
-25 -5 52
-340 -463 768
-279 -388 -643
216 235 -217
415 10 538
428 110 -522
191 211 -619
568 -73 -580
-576 -271 -486
195 239 -364
289 -32 -283
430 203 -589
547 64 -604
-243 -550 703
-206 -539 828
-374 -318 659
-579 -136 -491
268 234 -555
-536 -88 -537
-511 -328 -413
-737 -123 -456
-642 -627 755
-604 -230 -436
262 171 -241
-598 -418 645
402 -98 -375
487 256 -488
-206 -536 691
122 116 -170
-614 -235 -783
-326 -621 710
571 -43 -431
489 49 -497
433 204 -618
426 283 -293
-647 -461 840
242 -110 -358
288 51 -290
-491 -533 795
-623 -319 697
370 -118 -357
-395 -321 505
573 49 -303
-322 -492 805
-288 -299 -586
-270 -403 446
-440 -335 823
-438 -221 -652
-482 -65 -582
-323 -703 724
-737 -192 -555
307 239 -209
-342 -357 473
-714 -163 -496
-448 -626 618
-593 -297 -688
576 162 -498
-124 43 -492
534 200 -571
-728 -161 -537
-570 -387 -609
412 64 -600
-299 -497 467
-415 -469 -627
-298 -703 453
571 -46 -180
460 2 -179
320 -75 -524
-370 -168 -479
-512 -440 -542
397 -80 -269
-548 -714 726
-429 -327 -560
500 -62 -617
-595 -68 -789
-738 -495 -798
-654 -437 -676
-510 -405 -428
-576 -205 -693
558 -80 -276
445 238 -576
-505 -213 -540
-516 -165 -579
-428 -284 462
626 247 667
119 53 -612
444 194 -571
398 -126 -591
496 155 -261
-490 -498 465
-494 -294 -791
476 -105 -534
230 -152 -617
-299 -568 585
-383 -657 454
-657 -220 -621
-308 -434 471
-710 -314 -378
-630 -397 -366
-314 -268 -674
-683 -451 -387
-430 -589 748
-712 -469 -360
-257 -596 728
-702 -379 -734
-424 -311 -792
-638 -65 -657
-732 -176 -526
259 237 -402
-391 -63 -564
-499 -330 602
-368 -226 -480
-397 -80 -472
-540 -470 -429
-500 -689 463
444 241 -201
-386 -241 -723
-274 -636 738
-291 -538 654
441 168 -479
-475 -202 -460
-407 -491 459
-446 -673 456
407 -118 -199
117 25 -183
413 201 -308
-345 -468 625
127 -143 -590
-699 -497 -592
400 105 -246
-270 -623 669
-280 -484 583
-291 -349 -678
-400 -535 737
155 287 -505
-207 -357 536
-474 -585 -575
449 75 -619
-294 -132 -655
-498 -707 567
542 183 -262
-196 -468 -356
-610 -338 -553
-611 -371 -422
-291 -409 719
-501 -456 -337
-627 -720 758
-701 -85 -640
-431 -280 -601
-497 -422 712
-630 -636 687
411 -21 -565
-638 -320 -488
-417 -592 547
261 170 -338
-382 -729 606
550 -18 -394
-469 -456 -499
118 51 -477
-487 -634 892
-442 -146 -370
373 220 -356
-581 -394 529
390 29 -375
410 285 -562
-461 -621 907
-288 -557 787
-278 -526 908
-225 -408 832
-596 -572 470
-727 -415 -666
-340 -496 -455
127 107 -584
-495 -497 -690
477 165 -581
-562 -343 751
-438 -392 -653
-454 -428 -393
238 122 -419
-309 -248 -593
357 156 -430
-332 -397 849
-396 -495 -745
-636 -54 -520
-299 -444 -355
477 77 -181
-219 -609 716
-540 -499 539
139 -78 -604
255 578 181
-700 -413 -769
540 -40 -201
-442 -377 -797
405 87 -562
-356 -636 797
-518 -387 771
-428 -416 -410
436 274 -235
408 267 -626
-711 -97 -643
-316 -583 831
-262 -324 533
329 20 -197
362 262 -215
309 220 -294
427 -30 -249
-283 -613 680
545 286 -285
-304 -347 -684
-213 -593 836
530 244 -464
-369 -477 452
147 128 -611
-699 -664 305
263 -48 -534
-337 -235 -411
-436 -109 -699
233 168 -279
-674 -326 -413
419 76 -559
247 26 -284
383 281 -297
-313 -626 837
466 261 -607
455 28 -503
-602 -368 -511
-472 -416 694
-648 -224 -687
-574 -354 664
447 42 -345
-284 -490 555
523 -91 -225
-627 -308 830
474 219 -243
-613 -652 650
-404 -447 806
-732 -268 -460
-193 -311 757
-393 -316 635
-218 -631 558
-709 -103 -793
257 234 -382
-453 -512 791
347 162 -502
-330 -450 857
509 -5 -606
343 -80 -569
-290 -195 -791
340 252 -623
-645 -448 597
-477 -504 644
-425 -443 -421
-429 -335 447
-285 -78 -795
-290 -448 -603
-510 -166 -640
-371 -467 -526
-570 -670 565
-551 -268 -383
-456 -325 -700
-500 -187 -713
-486 -379 -596
560 -90 -167
-293 -574 861
-318 -252 -581
-439 -739 731
284 239 -420
573 93 -583
337 -660 -485
-449 -322 -649
-618 -322 806
275 -6 -545
-520 -320 -375
-544 -366 -576
-680 -63 -630
361 -159 -418
-502 -490 -631
-570 -457 726
-712 -79 -664
-331 -461 -503
-283 -724 866
-643 -411 854
-518 -69 -393
-686 -127 -694
-504 -158 -654
-536 -441 -674
185 219 -341
-319 -497 -547
342 84 -230
157 108 -257
-658 -503 -761
597 -579 670
-523 -646 742
-387 -421 539
-317 -242 -529
129 -68 -471
-533 -334 678
346 239 -574
440 -32 -551
470 189 -306
-399 -238 -440
-674 -325 -355
-397 -367 -669
-732 -162 -607
220 146 -224
-609 -496 -452
-499 -408 732
278 112 -588
-548 -570 476
187 -95 -212
149 251 -230
-528 -172 -590
-514 -187 -372
-466 -637 508
-413 -235 -500
-191 -377 873
-403 -63 -389
-493 -123 -697
-562 -471 -485
-262 -546 696
248 -13 -567
-616 -425 677
-32 -48 252
252 123 -270
562 205 -187
235 -70 -470
-479 -482 710
-402 -288 -406
-418 -672 905
-729 -157 -677
-490 -270 -449
-560 -51 -783
650 -184 -17
-589 -575 816
304 -5 -568
332 -33 -340
-325 -400 -721
285 39 -498
518 -14 -446
228 101 -249
400 -13 -219
251 91 -180
344 -12 -501
-360 -722 876
-353 -480 677
-681 -80 -675
-589 -694 759
-622 -500 714
-740 -206 -620
210 -79 -269
-556 -435 502
-338 -354 -362
-310 -501 862
165 -206 618
-357 -455 625
206 281 -175
-201 -291 674
-363 -289 -476
343 234 -606
-441 -701 564
-282 -264 -563
-561 -474 903
-363 -468 521
-206 -528 497
-584 -689 901
-369 -605 686
-326 -289 -473
-647 -372 544
-655 -305 -497
-671 -406 -359
-653 -381 646
-637 -591 479
-302 -195 -605
-544 -314 613
-357 -49 -566
484 -4 -376
-277 -346 715
169 129 -443
-596 -585 736
151 68 -413
-474 -686 613
-390 -292 -713
-468 -291 504
-474 -304 -552
-217 -303 901
193 -124 -264
545 -59 -393
-679 -408 -365
442 -91 -459
-248 -710 682
-420 -725 519
-381 -416 -409
-237 -487 534
-391 -654 681
-678 -447 -607
-430 -169 -793
543 -29 -580
-338 -619 856
-582 -191 -609
-288 -325 747
-339 -396 565
476 134 -606
-642 -352 -363
264 128 -409
340 -25 -181
-662 -504 -708
-563 -411 606
-543 -230 -537
194 19 -498
-332 -151 -452
359 105 -315
317 -35 -499
-277 -663 878
116 -103 -173
-563 -586 756
279 -88 -165
248 304 -597
523 291 -535
-690 -428 -761
510 272 -200
-518 -56 -724
-573 -127 -770
262 70 -320
563 282 -513
377 -51 -603
-566 -316 -707
454 -8 -347
-611 -345 -634
-318 -192 -728
-529 -343 -711
-653 -359 763
374 -103 -195
-602 -668 724
152 -32 -214
569 -44 -548
-598 -624 512
301 -148 -588
-309 -226 -672
-449 -314 -699
202 -81 -619
-499 -341 649
-378 -600 635
-493 -358 545
448 -69 -597
-587 -414 492
-538 -140 -738
407 -28 -194
-484 -549 898
592 19 -372
-593 -325 754
-364 -534 576
-480 -478 -714
-489 -612 586
-672 -193 -402
-302 -369 -581
-135 204 -489
483 57 -603
412 -104 -254
-524 -649 755
-433 -375 890
-381 -287 -707
-351 -293 629
-579 -514 775
-724 -210 -462
-617 -356 -558
-297 -301 -339
-213 -686 785
570 288 -362
-340 -642 654
-238 -450 577
467 124 -260
-666 -326 -642
460 179 -470
-547 -474 -649
555 48 -619
447 -96 -344
-308 -696 461
-200 -739 855
364 123 -395
383 8 -310
358 95 -302
-486 -224 -525
-460 -209 -333
-558 -286 728
-588 -450 -384
-326 -268 -617
-357 -571 824
-326 -628 769
-583 -288 -704
-688 -171 -631
-491 -354 -586
439 109 -448
-390 -382 -728
415 269 -617
-557 -441 857
-643 -111 -523
-290 204 -211
-449 -418 900
220 -51 -415
-321 -110 -701
-381 -572 651
-676 -300 -559
383 123 -388
-560 -488 634
-474 -657 718
410 147 -496
147 -68 -507
309 -117 -493
-525 -239 -358
-581 -304 -554
-422 -311 484
268 -41 -347
-476 -643 753
208 242 -503
389 233 -473
-528 -572 456
-500 -85 -576
-273 -476 777
495 274 -531
-361 -343 497
158 -121 -416
154 680 366
-530 -248 -479
128 -10 -418
-730 -502 -626
-728 -225 -662
442 -20 -166
236 10 -437
204 259 -502
236 136 -569
-599 -636 660
-383 -323 600
-370 -440 -730
414 -88 -334
263 45 -263
-477 -509 865
410 291 -372
-434 -362 502
-544 -384 574
211 275 -428
-298 -179 -596
571 185 -368
378 206 -206
551 10 -610
-376 -74 -776
112 -11 -490
-459 -705 780
-575 -447 -522
-702 -261 -675
-327 -509 830
-539 -114 -371
165 -30 -431
328 289 -193
-695 -397 -554
-557 -433 855
-451 -345 543
-407 -394 501
341 -122 -326
-523 -447 -725
-201 -575 457
-506 -456 789
-370 -361 -384
358 -57 -360
-398 -133 -679
-463 -282 535
466 115 -532
-650 -398 -420
-378 -393 -575
-616 -463 -462
350 -63 -579
-577 -86 -370
-240 -560 857
-630 -366 -541
-222 -471 576
451 -60 -255
-67 -640 -190
-347 -440 -756
449 212 -435
-469 -365 -358
-641 -349 -360
-397 -674 587
236 65 -527
-366 -53 -390
-508 -358 556
-385 -455 -728
-604 -156 -428
-551 -279 640
147 303 -580
-423 -477 -558
-414 -489 -396
349 98 -475
-376 -381 764
-342 -690 593
-662 -445 -723
-547 -560 907
-368 -460 458
-359 -424 -440
-588 566 456
-277 -701 459
-286 -425 -723
-208 -494 585
475 92 -386
-319 -439 711
-379 -389 909
-376 -628 633
-574 -347 -773
-381 -51 -341
167 194 -618
-537 -581 701
-468 -87 -563
543 60 -218
572 -132 -258
470 -81 -583
-480 -274 540
-729 -412 -591
503 -106 -285
-281 -425 826
157 16 -351
282 2 -380
-579 -430 584
-655 -129 -760
231 184 -478
489 175 -405
516 44 -308
630 9 -668
494 273 -495
513 186 -379
-357 -87 -564
-191 -557 505
519 -319 605
188 302 -424
-195 -483 856
-242 -311 499
-363 -469 653
-426 -412 -447
-570 -673 570
484 -147 -306
-540 -695 834
-542 -214 -474
-481 -732 752
699 525 411
460 43 -230
-704 -197 -664
-591 -142 -631
-579 -639 659
-234 -443 725
-612 -644 787
-743 -108 -631
123 69 -495
-204 -342 735
326 -6 -434
153 150 -606
-193 -496 820
-573 -326 -553
502 7 -451
-423 -80 -651
426 -85 -548
-719 -97 -637
-240 -552 820
-478 -329 782
-381 -366 -616
-430 -376 662
-600 -234 -409
-450 -195 -640
345 194 -468
-714 -355 -719
277 183 -353
-349 -738 865
471 269 -438
563 76 -513
-541 -59 -534
-213 -659 815
-379 -527 862
-311 -351 864
-454 -262 -633
-352 -381 -740
-585 -209 -490
479 246 -372
-465 -293 -455
-264 -653 772
-604 -225 -421
-567 -194 -353
509 -114 -339
-471 -732 743
-421 -460 784
-515 -378 -541
316 149 -397
-646 -347 -642
269 7 -356
476 -22 -425
-677 -130 -507
-411 -509 823
-518 -501 566
-370 -607 821
-549 -242 -642
-601 -669 603
214 343 -624
300 22 -562
-612 -480 551
-724 -229 -781
384 18 -228
-445 -568 577
-415 -645 771
-609 -388 -515
542 -110 -489
-628 -690 681
181 67 -404
-464 -169 -769
-632 -470 564
-336 -713 724
136 18 -216
-635 -459 -724
442 -42 -216
465 288 -436
-541 -601 768
-665 -154 -428
-277 -377 858
-223 -543 899
567 -141 -607
-528 -673 606
-382 -400 -597
-506 -634 708
488 -96 -614
-507 -535 493
-601 -294 -480
425 -153 -397
-735 -57 -692
354 259 -168
-318 -365 851
-253 -575 476
-528 -208 -519
-555 -552 635
-586 -349 670
-484 -322 736
494 103 -624
-446 -464 -487
420 163 -577
187 152 -332
-394 -249 -594
-288 -461 -477
450 -7 -286
-304 -354 787
202 162 -568
436 -3 -290
-522 -489 -523
-560 -415 -394
-393 -446 -672
218 54 -322
96 -223 42
332 -78 -172
-732 -115 -664
-695 -472 -540
-720 -340 -639
-322 -184 -565
-529 -532 672
-360 -363 654
-216 37 -482
-286 -488 -388
492 172 -458
-232 532 124
-391 -734 534
-470 -301 -622
-216 -467 593
-653 -477 -556
-490 -612 571
327 209 -417
318 168 -570
-489 -547 694
-679 -374 -611
-232 -735 766
-367 -717 691
461 -63 -286
-383 -394 479
-315 -313 513
457 -147 -292
-428 -708 861
-509 -301 659
398 225 -348
-221 -321 685
573 -92 -170
-598 -421 614
-393 -341 -454
-541 -403 447
375 -84 -197
270 -76 -397
-460 -289 -531
-329 -365 508
-586 -344 701
-636 -496 195
364 178 -378
168 -14 -212
-709 -382 -566
-701 -217 -696
-386 -162 -736
186 -159 -403
-450 -395 -458
-410 -461 -713
-396 -580 585
-599 -282 -347
-447 -695 881
-471 -641 526
-525 -499 665
435 190 -373
328 -55 -583
-314 -251 -394
-337 -652 831
118 165 -308
501 -91 -543
-461 -601 754
377 -95 -278
-695 -128 -652
-676 -225 -498
141 34 -560
-374 -357 -520
279 -100 -336
-573 -454 -466
196 91 -236
490 -106 -232
-574 -359 485
174 0 -393
309 101 -398
-344 211 -454
331 297 -320
448 -8 -547
-526 -506 -353
470 160 -355
-447 -276 862
-217 -720 570
-612 -251 -604
398 35 -226
-597 -71 -472
204 163 -542
-640 -534 552
-483 -622 618
-468 -305 887
-433 -464 826
-265 -517 711
-502 -374 543
-566 -665 853
526 -89 -228
-314 -476 670
-651 -477 603
197 -33 -491
-380 -279 -661
-543 -213 -700
146 101 -569
-618 -317 -769
-673 -174 -579
337 163 -193
333 27 -338
-540 -384 -652
-309 -147 -681
-601 -371 520
-574 -327 -339
-413 -83 -463
-717 -68 -718
211 129 -440
-432 -448 756
325 243 -351
-588 -158 -536
-344 -315 553
219 22 -379
224 114 -304
-557 -390 -623
220 -106 -610
